244a441571b3
c6f1af68fdd9
af6dfba1f4cc
d979e0b87c84
499e946b62fc
414ebfc39c00
a20fd904c4a2
1978a8ced3cb
79d145a6e2e9
3ace247e1bb8
2012fbc169ac
35bdbe829a8e
392c5d65e7eb
c1db8906eb1c
7949d241fed0
6c1936d710a5
b2503e62b5fa
208286948
208286897
208286882
208286858
208286800
208286789
207530760
208286544
208286466
208198565
208286391
208286375
208286372
208286281
208286277
208286208
208286111
208287560
208287469
208287432
208287219
208287206
208287141
208287037
208287019
208286984
202604995
206243867
208287933
208287920
207252892
208287771
208287767
208287733
208287711
208287689
208287687
208287686
208287673
208287667
208287666
208287662
208287626
208287616
208288833
208288825
208288818
208288817
208288806
208288799
208288778
208288757
208288742
208288711
208288651
208288627
208288578
208288557
208288547
208288540
208288528
208290490
208290415
208290283
208263092
208290272
208290240
208290228
208290223
201367627
208290179
208290150
207718985
208290002
208289963
208289901
208289867
208289795
208027023
207751233
206881759
207648732
207657156
208291360
208291308
208291290
205792064
208273271
205914116
208291202
208291171
208291151
208021258
208291137
208291114
206881759
207751233
208292102
208292101
208292095
208292087
208292077
208292070
208292063
208291974
206539006
208291930
208291898
208202821
208291835
208291807
208292866
208292839
208292830
208292804
208292783
208292764
208292716
208292688
206516291
208292545
208292524
208292484
208292465
208292406
208293722
208293721
208293690
208293672
207877102
208293584
208293568
207883118
208293444
208293437
208293382
206779953
208293293
207040415
208293208
208215857
208294885
208294863
207795726
208294753
208294745
208294721
208215857
207934553
208294617
208294560
208294549
208294542
208294521
207200908
207200933
208039428
208295921
208295878
208295842
208039317
208295798
208295791
208295757
208295752
208295707
208295697
208296502
208296474
207317856
208296351
208296333
208296328
208296270
208296244
208296241
208296170
208296112
207995816
207046081
207685729
208297412
208297385
208297360
207685729
205426639
207995816
208297306
207046081
208297251
208299085
208299065
208299033
208299004
208298873
208298860
208298854
208298849
208300105
208300084
208300079
208300073
208300036
208300028
208299999
208299980
208299966
208301069
208301055
208301054
208301052
208300986
208300973
208300937
208300869
208300789
208301852
207791474
208301780
208301770
208301726
208301721
208301663
208301659
208301632
208302618
208302511
208302506
208302502
208302496
208302495
208302478
208302426
207944549
208303770
208303747
208303738
208303730
208303711
208303701
208303675
208303650
208303601
208303574
208304751
208304582
206780976
207208150
208304462
208304438
208304363
208304339
208304334
208304311
208305331
208305297
208305296
208305294
207328248
208305261
208305248
208305217
208305216
208305182
208305412
208306290
208306282
208306271
208306238
208306230
208306214
208306212
208306200
207748441
202791010
208308004
208307977
208307940
208307920
208307905
208307871
208307822
208309287
206716723
208309225
208309203
208309193
208309163
207895129
208213167
208308983
208311163
208311046
208311022
202794787
208310881
208310782
208310753
207902243
206661376
208313157
208312989
208312937
208027177
208312858
208312853
207748461
207414776
208312727
206443816
208290985
205828016
208314571
207604345
208314501
208314456
208314443
208314403
208087889
208053297
208315874
208280470
207416083
208315803
208315802
208317112
208052925
208317073
207537022
208295257
208316984
208318237
207571934
208318088
208318058
208318046
208318001
208319396
207734307
204497364
208319163
208318789
208320741
208051888
208233479
208323581
208324857
208324854
208326053
208326037
202690467
208327172
206398758
208327130
208058308
208328310
208328296
208328287
208328280
208328229
208329791
208329787
208329772
208329761
208329760
206231470
205934682
206280871
208331341
208331258
208331236
208331164
208331162
208331130
208331109
208331105
208331104
208331077
208313237
208331035
208331007
208332647
207269195
208332367
208332261
208332252
208332245
208332244
207994798
208332180
208332163
206816328
208332112
208333511
208333462
208333448
208333415
208333402
208333394
208333341
208333338
208333246
205619866
208333187
208333168
208334809
208334807
208334802
208334773
208334760
207477511
208334689
208334675
208334674
208334634
208334627
208334601
208030063
208335871
208335859
208335809
208335703
202852525
208335670
208335648
208335625
208335617
208335604
208335594
208336873
208072820
208336818
207519782
205877815
208336724
208336719
208336712
208336692
208336681
208336651
207435185
208336534
208337270
208337913
207055290
208337886
208337879
208337858
208337846
206911278
208337771
208337724
208337723
208337655
207480796
208339546
208339531
208339459
208339447
208339392
208339385
208074121
208339373
208339335
208339332
208339326
208339303
207029293
208340828
208340780
208340677
208340652
208340647
208340622
208340593
208340574
208340517
208340493
208073360
208340488
